1,02 March 2023,05 March 2023
2,09 March 2023,12 March 2023
3,16 March 2023,19 March 2023
4,20 March 2023,26 March 2023
5,27 March 2023,02 April 2023
6,03 April 2023,10 April 2023
7,11 April 2023,16 April 2023
8,17 April 2023,25 April 2023
9,26 April 2023,30 April 2023
10,01 May 2023,07 May 2023
11,08 May 2023,14 May 2023
12,15 May 2023,21 May 2023
13,22 May 2023,28 May 2023
14,29 June 2023,04 June 2023
15,05 June 2023,12 June 2023
16,13 June 2023,18 June 2023
17,19 June 2023,25 June 2023
18,26 June 2023,02 July 2023
19,03 July 2023,09 July 2023
20,10 July 2023,16 July 2023
21,17 July 2023,23 July 2023
22,24 July 2023,30 July 2023
23,31 July 2023,06 August 2023
24,07 August 2023,13 August 2023
25,14 August 2023,20 August 2023
26,21 August 2023,27 August 2023
27,28 August 2023,03 September 2023
